0,,0.000000000000
1,2,0.001500000000
2,3,0.003558912500
3,4,0.005256787500
4,5,0.011398037500
5,6,0.011398037500
6,7,0.011398037500
7,8,0.011398037500
8,9,0.011398037500
9,10,0.011398037500
10,0,0.011398037500
11,12,0.001500000000
12,13,0.003558912500
13,14,0.005256787500
14,15,0.011398037500
15,16,0.011398037500
16,17,0.011398037500
17,18,0.011398037500
18,19,0.011398037500
19,20,0.011398037500
20,0,0.011398037500
21,22,0.001500000000
22,23,0.003558912500
23,24,0.005256787500
24,25,0.011398037500
25,26,0.011398037500
26,27,0.011398037500
27,28,0.011398037500
28,29,0.011398037500
29,30,0.011398037500
30,0,0.011398037500
31,32,0.001500000000
32,33,0.003558912500
33,34,0.005256787500
34,35,0.011398037500
35,36,0.011398037500
36,37,0.011398037500
37,38,0.011398037500
38,39,0.011398037500
39,40,0.011398037500
40,0,0.011398037500
41,42,0.001500000000
42,43,0.003558912500
43,44,0.005256787500
44,45,0.011398037500
45,46,0.011398037500
46,47,0.011398037500
47,48,0.011398037500
48,49,0.011398037500
49,50,0.011398037500
50,0,0.011398037500
51,52,0.001500000000
52,53,0.003558912500
53,54,0.005256787500
54,55,0.011398037500
55,56,0.011398037500
56,57,0.011398037500
57,58,0.011398037500
58,59,0.011398037500
59,60,0.011398037500
60,0,0.011398037500
61,62,0.001500000000
62,63,0.003558912500
63,64,0.005256787500
64,65,0.011398037500
65,66,0.011398037500
66,67,0.011398037500
67,68,0.011398037500
68,69,0.011398037500
69,70,0.011398037500
70,0,0.011398037500
71,72,0.001500000000
72,73,0.003558912500
73,74,0.005256787500
74,75,0.011398037500
75,76,0.011398037500
76,77,0.011398037500
77,78,0.011398037500
78,79,0.011398037500
79,80,0.011398037500
80,0,0.011398037500
81,82,0.001500000000
82,83,0.003558912500
83,84,0.005256787500
84,85,0.011398037500
85,86,0.011398037500
86,87,0.011398037500
87,88,0.011398037500
88,89,0.011398037500
89,90,0.011398037500
90,0,0.011398037500
91,92,0.001500000000
92,93,0.003558912500
93,94,0.005256787500
94,95,0.011398037500
95,96,0.011398037500
96,97,0.011398037500
97,98,0.011398037500
98,99,0.011398037500
99,100,0.011398037500
100,0,0.011398037500
