0,,0.000000000000
1,2,0.001500000000
2,3,0.003670021530
3,4,0.005468904739
4,5,0.006956469021
5,6,0.008183183708
6,7,0.012620236833
7,8,0.012620236833
8,9,0.012620236833
9,10,0.012620236833
10,0,0.012620236833
11,12,0.001500000000
12,13,0.003670021530
13,14,0.005468904739
14,15,0.006956469021
15,16,0.008183183708
16,17,0.012620236833
17,18,0.012620236833
18,19,0.012620236833
19,20,0.012620236833
20,0,0.012620236833
21,22,0.001500000000
22,23,0.003670021530
23,24,0.005468904739
24,25,0.006956469021
25,26,0.008183183708
26,27,0.012620236833
27,28,0.012620236833
28,29,0.012620236833
29,30,0.012620236833
30,0,0.012620236833
31,32,0.001500000000
32,33,0.003670021530
33,34,0.005468904739
34,35,0.006956469021
35,36,0.008183183708
36,37,0.012620236833
37,38,0.012620236833
38,39,0.012620236833
39,40,0.012620236833
40,0,0.012620236833
41,42,0.001500000000
42,43,0.003670021530
43,44,0.005468904739
44,45,0.006956469021
45,46,0.008183183708
46,47,0.012620236833
47,48,0.012620236833
48,49,0.012620236833
49,50,0.012620236833
50,0,0.012620236833
51,52,0.001500000000
52,53,0.003670021530
53,54,0.005468904739
54,55,0.006956469021
55,56,0.008183183708
56,57,0.012620236833
57,58,0.012620236833
58,59,0.012620236833
59,60,0.012620236833
60,0,0.012620236833
61,62,0.001500000000
62,63,0.003670021530
63,64,0.005468904739
64,65,0.006956469021
65,66,0.008183183708
66,67,0.012620236833
67,68,0.012620236833
68,69,0.012620236833
69,70,0.012620236833
70,0,0.012620236833
71,72,0.001500000000
72,73,0.003670021530
73,74,0.005468904739
74,75,0.006956469021
75,76,0.008183183708
76,77,0.012620236833
77,78,0.012620236833
78,79,0.012620236833
79,80,0.012620236833
80,0,0.012620236833
81,82,0.001500000000
82,83,0.003670021530
83,84,0.005468904739
84,85,0.006956469021
85,86,0.008183183708
86,87,0.012620236833
87,88,0.012620236833
88,89,0.012620236833
89,90,0.012620236833
90,0,0.012620236833
91,92,0.001500000000
92,93,0.003670021530
93,94,0.005468904739
94,95,0.006956469021
95,96,0.008183183708
96,97,0.012620236833
97,98,0.012620236833
98,99,0.012620236833
99,100,0.012620236833
100,0,0.012620236833
