0,,0.000000000000
1,2,0.001500000000
2,3,0.010000000000
3,4,0.010000000000
4,5,0.010000000000
5,6,0.010000000000
6,7,0.010000000000
7,8,0.010000000000
8,9,0.010000000000
9,10,0.010000000000
10,0,0.010000000000
11,12,0.001500000000
12,13,0.010000000000
13,14,0.010000000000
14,15,0.010000000000
15,16,0.010000000000
16,17,0.010000000000
17,18,0.010000000000
18,19,0.010000000000
19,20,0.010000000000
20,0,0.010000000000
21,22,0.001500000000
22,23,0.010000000000
23,24,0.010000000000
24,25,0.010000000000
25,26,0.010000000000
26,27,0.010000000000
27,28,0.010000000000
28,29,0.010000000000
29,30,0.010000000000
30,0,0.010000000000
31,32,0.001500000000
32,33,0.010000000000
33,34,0.010000000000
34,35,0.010000000000
35,36,0.010000000000
36,37,0.010000000000
37,38,0.010000000000
38,39,0.010000000000
39,40,0.010000000000
40,0,0.010000000000
41,42,0.001500000000
42,43,0.010000000000
43,44,0.010000000000
44,45,0.010000000000
45,46,0.010000000000
46,47,0.010000000000
47,48,0.010000000000
48,49,0.010000000000
49,50,0.010000000000
50,0,0.010000000000
51,52,0.001500000000
52,53,0.010000000000
53,54,0.010000000000
54,55,0.010000000000
55,56,0.010000000000
56,57,0.010000000000
57,58,0.010000000000
58,59,0.010000000000
59,60,0.010000000000
60,0,0.010000000000
61,62,0.001500000000
62,63,0.010000000000
63,64,0.010000000000
64,65,0.010000000000
65,66,0.010000000000
66,67,0.010000000000
67,68,0.010000000000
68,69,0.010000000000
69,70,0.010000000000
70,0,0.010000000000
71,72,0.001500000000
72,73,0.010000000000
73,74,0.010000000000
74,75,0.010000000000
75,76,0.010000000000
76,77,0.010000000000
77,78,0.010000000000
78,79,0.010000000000
79,80,0.010000000000
80,0,0.010000000000
81,82,0.001500000000
82,83,0.010000000000
83,84,0.010000000000
84,85,0.010000000000
85,86,0.010000000000
86,87,0.010000000000
87,88,0.010000000000
88,89,0.010000000000
89,90,0.010000000000
90,0,0.010000000000
91,92,0.001500000000
92,93,0.010000000000
93,94,0.010000000000
94,95,0.010000000000
95,96,0.010000000000
96,97,0.010000000000
97,98,0.010000000000
98,99,0.010000000000
99,100,0.010000000000
100,0,0.010000000000
