0,,0.000000000000
1,2,0.001500000000
2,3,0.003616333187
3,4,0.005366408812
4,5,0.006809602562
5,6,0.012029665062
6,7,0.012029665062
7,8,0.012029665062
8,9,0.012029665062
9,10,0.012029665062
10,0,0.012029665062
11,12,0.001500000000
12,13,0.003616333187
13,14,0.005366408812
14,15,0.006809602562
15,16,0.012029665062
16,17,0.012029665062
17,18,0.012029665062
18,19,0.012029665062
19,20,0.012029665062
20,0,0.012029665062
21,22,0.001500000000
22,23,0.003616333187
23,24,0.005366408812
24,25,0.006809602562
25,26,0.012029665062
26,27,0.012029665062
27,28,0.012029665062
28,29,0.012029665062
29,30,0.012029665062
30,0,0.012029665062
31,32,0.001500000000
32,33,0.003616333187
33,34,0.005366408812
34,35,0.006809602562
35,36,0.012029665062
36,37,0.012029665062
37,38,0.012029665062
38,39,0.012029665062
39,40,0.012029665062
40,0,0.012029665062
41,42,0.001500000000
42,43,0.003616333187
43,44,0.005366408812
44,45,0.006809602562
45,46,0.012029665062
46,47,0.012029665062
47,48,0.012029665062
48,49,0.012029665062
49,50,0.012029665062
50,0,0.012029665062
51,52,0.001500000000
52,53,0.003616333187
53,54,0.005366408812
54,55,0.006809602562
55,56,0.012029665062
56,57,0.012029665062
57,58,0.012029665062
58,59,0.012029665062
59,60,0.012029665062
60,0,0.012029665062
61,62,0.001500000000
62,63,0.003616333187
63,64,0.005366408812
64,65,0.006809602562
65,66,0.012029665062
66,67,0.012029665062
67,68,0.012029665062
68,69,0.012029665062
69,70,0.012029665062
70,0,0.012029665062
71,72,0.001500000000
72,73,0.003616333187
73,74,0.005366408812
74,75,0.006809602562
75,76,0.012029665062
76,77,0.012029665062
77,78,0.012029665062
78,79,0.012029665062
79,80,0.012029665062
80,0,0.012029665062
81,82,0.001500000000
82,83,0.003616333187
83,84,0.005366408812
84,85,0.006809602562
85,86,0.012029665062
86,87,0.012029665062
87,88,0.012029665062
88,89,0.012029665062
89,90,0.012029665062
90,0,0.012029665062
91,92,0.001500000000
92,93,0.003616333187
93,94,0.005366408812
94,95,0.006809602562
95,96,0.012029665062
96,97,0.012029665062
97,98,0.012029665062
98,99,0.012029665062
99,100,0.012029665062
100,0,0.012029665062
