0,,0.000000000000
1,2,0.001500000000
2,3,0.003720220131
3,4,0.005564738431
4,5,0.007093789159
5,6,0.008358218799
6,7,0.009400926283
7,8,0.013172421439
8,9,0.013172421439
9,10,0.013172421439
10,0,0.013172421439
11,12,0.001500000000
12,13,0.003720220131
13,14,0.005564738431
14,15,0.007093789159
15,16,0.008358218799
16,17,0.009400926283
17,18,0.013172421439
18,19,0.013172421439
19,20,0.013172421439
20,0,0.013172421439
21,22,0.001500000000
22,23,0.003720220131
23,24,0.005564738431
24,25,0.007093789159
25,26,0.008358218799
26,27,0.009400926283
27,28,0.013172421439
28,29,0.013172421439
29,30,0.013172421439
30,0,0.013172421439
31,32,0.001500000000
32,33,0.003720220131
33,34,0.005564738431
34,35,0.007093789159
35,36,0.008358218799
36,37,0.009400926283
37,38,0.013172421439
38,39,0.013172421439
39,40,0.013172421439
40,0,0.013172421439
41,42,0.001500000000
42,43,0.003720220131
43,44,0.005564738431
44,45,0.007093789159
45,46,0.008358218799
46,47,0.009400926283
47,48,0.013172421439
48,49,0.013172421439
49,50,0.013172421439
50,0,0.013172421439
51,52,0.001500000000
52,53,0.003720220131
53,54,0.005564738431
54,55,0.007093789159
55,56,0.008358218799
56,57,0.009400926283
57,58,0.013172421439
58,59,0.013172421439
59,60,0.013172421439
60,0,0.013172421439
61,62,0.001500000000
62,63,0.003720220131
63,64,0.005564738431
64,65,0.007093789159
65,66,0.008358218799
66,67,0.009400926283
67,68,0.013172421439
68,69,0.013172421439
69,70,0.013172421439
70,0,0.013172421439
71,72,0.001500000000
72,73,0.003720220131
73,74,0.005564738431
74,75,0.007093789159
75,76,0.008358218799
76,77,0.009400926283
77,78,0.013172421439
78,79,0.013172421439
79,80,0.013172421439
80,0,0.013172421439
81,82,0.001500000000
82,83,0.003720220131
83,84,0.005564738431
84,85,0.007093789159
85,86,0.008358218799
86,87,0.009400926283
87,88,0.013172421439
88,89,0.013172421439
89,90,0.013172421439
90,0,0.013172421439
91,92,0.001500000000
92,93,0.003720220131
93,94,0.005564738431
94,95,0.007093789159
95,96,0.008358218799
96,97,0.009400926283
97,98,0.013172421439
98,99,0.013172421439
99,100,0.013172421439
100,0,0.013172421439
